[48;2;230;230;230m[38;2;230;230;230m笆遺毎笆遺毎笆遺毎笆遺毎笆遺毎笆遺毎笆遺毎笆遺毎笆遺毎笆遺毎笆遺毎笆遺毎笆遺毎笆遺毎笆遺毎笆遺毎笆遺毎笆遺毎笆遺毎笆遺毎笆遺毎笆遺毎笆遺毎笆遺毎笆遺毎笆遺毎笆遺毎笆遺毎笆遺毎笆遺毎笆遺毎笆遺毎笆遺毎笆遺毎笆遺毎笆遺毎笆遺毎笆遺毎笆遺毎笆遺毎笆遺毎笆遺毎笆遺毎笆遺毎笆遺毎笆遺毎笆遺毎笆遺毎笆遺毎笆遺毎笆遺毎笆遺毎笆遺毎笆遺毎笆遺毎笆遺毎笆遺毎笆遺毎笆遺毎笆遺毎笆遺毎笆遺毎[0m
[48;2;230;230;230m[38;2;230;230;230m笆遺毎笆遺毎笆遺毎笆遺毎笆遺毎笆遺毎笆遺毎笆遺毎笆遺毎笆遺毎笆遺毎笆遺毎笆遺毎笆遺毎笆遺毎笆遺毎笆遺毎笆遺毎笆遺毎笆遺毎笆遺毎笆遺毎笆遺毎笆遺毎笆遺毎笆遺毎笆遺毎笆遺毎笆遺毎笆遺毎笆遺毎笆遺毎笆遺毎笆遺毎笆遺毎笆遺毎笆遺毎笆遺毎笆遺毎笆遺毎笆遺毎笆遺毎笆遺毎笆遺毎笆遺毎笆遺毎笆遺毎笆遺毎笆遺毎笆遺毎笆遺毎笆遺毎笆遺毎笆遺毎笆遺毎笆遺毎笆遺毎笆遺毎笆遺毎笆遺毎笆遺毎笆遺毎[0m
[48;2;230;230;230m[38;2;230;230;230m笆遺毎笆遺毎笆遺毎笆遺毎笆遺毎笆遺毎笆遺毎笆遺毎笆遺毎笆遺毎笆遺毎笆遺毎笆遺毎笆遺毎笆遺毎笆遺毎笆遺毎笆遺毎笆遺毎笆遺毎笆遺毎笆遺毎笆遺毎笆遺毎笆遺毎笆遺毎笆遺毎笆遺毎笆遺毎笆遺毎笆遺毎笆遺毎笆遺毎笆遺毎笆遺毎笆遺毎笆遺毎笆遺毎笆遺毎笆遺毎笆遺毎笆遺毎笆遺毎笆遺毎笆遺毎笆遺毎笆遺毎笆遺毎笆遺毎笆遺毎笆遺毎笆遺毎笆遺毎笆遺毎笆遺毎笆遺毎笆遺毎笆遺毎笆遺毎笆遺毎笆遺毎笆遺毎[0m
[48;2;230;230;230m[38;2;230;230;230m笆遺毎笆遺毎笆遺毎笆遺毎笆遺毎笆遺毎笆遺毎笆遺毎笆遺毎笆遺毎笆遺毎笆遺毎笆遺毎笆遺毎笆遺毎笆遺毎笆遺毎笆遺毎笆遺毎笆遺毎笆遺毎笆遺毎笆遺毎笆遺毎笆遺毎笆遺毎笆遺毎笆遺毎笆遺毎笆遺毎笆遺毎笆遺毎笆遺毎笆遺毎笆遺毎笆遺毎笆遺毎笆遺毎笆遺毎笆遺毎笆遺毎笆遺毎笆遺毎笆遺毎笆遺毎笆遺毎笆遺毎笆遺毎笆遺毎笆遺毎笆遺毎笆遺毎笆遺毎笆遺毎笆遺毎笆遺毎笆遺毎笆遺毎笆遺毎笆遺毎笆遺毎笆遺毎[0m
[48;2;230;230;230m[38;2;230;230;230m笆遺毎笆遺毎笆遺毎笆遺毎笆遺毎笆遺毎笆遺毎笆遺毎笆遺毎笆遺毎笆遺毎笆遺毎笆遺毎笆遺毎笆遺毎笆遺毎笆遺毎笆遺毎笆遺毎笆遺毎笆遺毎笆遺毎笆遺毎笆遺毎笆遺毎笆遺毎笆遺毎笆遺毎笆遺毎笆遺毎笆遺毎笆遺毎笆遺毎笆遺毎笆遺毎笆遺毎笆遺毎笆遺毎笆遺毎笆遺毎笆遺毎笆遺毎笆遺毎笆遺毎笆遺毎笆遺毎笆遺毎笆遺毎笆遺毎笆遺毎笆遺毎笆遺毎笆遺毎笆遺毎笆遺毎笆遺毎笆遺毎笆遺毎笆遺毎笆遺毎笆遺毎笆遺毎[0m
[48;2;230;230;230m[38;2;230;230;230m笆遺毎笆遺毎笆遺毎笆遺毎笆遺毎笆遺毎笆遺毎笆遺毎笆遺毎笆遺毎笆遺毎笆遺毎笆遺毎笆遺毎笆遺毎笆遺毎笆遺毎笆遺毎笆遺毎笆遺毎笆遺毎笆遺毎笆遺毎笆遺毎笆遺毎笆遺毎笆遺毎笆遺毎笆遺毎笆遺毎笆遺毎笆遺毎笆遺毎笆遺毎笆遺毎笆遺毎笆遺毎笆遺毎笆遺毎笆遺毎笆遺毎笆遺毎笆遺毎笆遺毎笆遺毎笆遺毎笆遺毎笆遺毎笆遺毎笆遺毎笆遺毎笆遺毎笆遺毎笆遺毎笆遺毎笆遺毎笆遺毎笆遺毎笆遺毎笆遺毎笆遺毎笆遺毎[0m
[48;2;230;230;230m[38;2;230;230;230m笆遺毎笆遺毎笆遺毎笆遺毎笆遺毎笆遺毎笆遺毎笆遺毎笆遺毎笆遺毎笆遺毎笆遺毎笆遺毎笆遺毎笆遺毎笆遺毎笆遺毎笆遺毎笆遺毎笆遺毎笆遺毎笆遺毎笆遺毎笆遺毎笆遺毎笆遺毎笆遺毎笆遺毎笆遺毎笆遺毎笆遺毎笆遺毎笆遺毎笆遺毎笆遺毎笆遺毎笆遺毎笆遺毎笆遺毎笆遺毎笆遺毎笆遺毎笆遺毎笆遺毎笆遺毎笆遺毎笆遺毎笆遺毎笆遺毎笆遺毎笆遺毎笆遺毎笆遺毎笆遺毎笆遺毎笆遺毎笆遺毎笆遺毎笆遺毎笆遺毎笆遺毎笆遺毎[0m
[48;2;230;230;230m[38;2;230;230;230m笆遺毎笆遺毎笆遺毎笆遺毎笆遺毎笆遺毎笆遺毎笆遺毎笆遺毎笆遺毎笆遺毎笆遺毎笆遺毎笆遺毎笆遺毎笆遺毎笆遺毎笆遺毎笆遺毎笆遺毎笆遺毎笆遺毎笆遺毎笆遺毎笆遺毎笆遺毎笆遺毎[0m[38;2;60;40;30m笆凪俣笆凪俣笆凪俣[0m[48;2;230;230;230m[38;2;230;230;230m笆遺毎笆遺毎笆遺毎笆遺毎笆遺毎笆遺毎笆遺毎笆遺毎笆遺毎笆遺毎笆遺毎笆遺毎笆遺毎笆遺毎笆遺毎笆遺毎笆遺毎笆遺毎笆遺毎笆遺毎笆遺毎笆遺毎笆遺毎笆遺毎笆遺毎笆遺毎笆遺毎笆遺毎笆遺毎笆遺毎笆遺毎笆遺毎[0m
[48;2;230;230;230m[38;2;230;230;230m笆遺毎笆遺毎笆遺毎笆遺毎笆遺毎笆遺毎笆遺毎笆遺毎笆遺毎笆遺毎笆遺毎笆遺毎笆遺毎笆遺毎笆遺毎笆遺毎笆遺毎笆遺毎笆遺毎笆遺毎笆遺毎笆遺毎笆遺毎笆遺毎笆嚩0m[38;2;60;40;30m笆凪俣[0m[38;2;200;150;120m笆停亦笆停亦笆停亦笆停亦笆停亦笆端0m[38;2;60;40;30m笆凪毎笆遺俣笆凪俣[0m[48;2;230;230;230m[38;2;230;230;230m笆遺毎笆遺毎笆遺毎笆遺毎笆遺毎笆遺毎笆遺毎笆遺毎笆遺毎笆遺毎笆遺毎笆遺毎笆遺毎笆遺毎笆遺毎笆遺毎笆遺毎笆遺毎笆遺毎笆遺毎笆遺毎笆遺毎笆遺毎笆遺毎笆遺毎笆遺毎笆遺毎笆遺毎[0m
[48;2;230;230;230m[38;2;230;230;230m笆遺毎笆遺毎笆遺毎笆遺毎笆遺毎笆遺毎笆遺毎笆遺毎笆遺毎笆遺毎笆遺毎笆遺毎笆遺毎笆遺毎笆遺毎笆遺毎笆遺毎笆遺毎笆遺毎笆遺毎笆遺毎笆遺毎笆遺毎[0m[38;2;60;40;30m笆凪俣[0m[38;2;210;160;130m笆停亦笆停亦笆停亦笆停亦笆停亦笆停亦笆停亦笆停亦笆停亦笆停亦笆停亦笆停亦笆停亦[0m[38;2;60;40;30m笆凪俣[0m[48;2;230;230;230m[38;2;230;230;230m笆遺毎笆遺毎笆遺毎笆遺毎笆遺毎笆遺毎笆遺毎笆遺毎笆遺毎笆遺毎笆遺毎笆遺毎笆遺毎笆遺毎笆遺毎笆遺毎笆遺毎笆遺毎笆遺毎笆遺毎笆遺毎笆嚩0m
[48;2;230;230;230m[38;2;230;230;230m笆遺毎笆遺毎笆遺毎笆遺毎笆遺毎笆遺毎笆遺毎笆遺毎笆遺毎笆遺毎笆遺毎笆遺毎笆遺毎笆遺毎笆遺毎笆遺毎笆遺毎笆遺毎笆遺毎笆遺毎笆遺毎笆遺毎[0m[38;2;60;40;30m笆甜0m[38;2;210;160;130m笆停亦笆停亦笆停亦笆停亦笆停亦笆停亦笆停亦笆停亦笆停亦笆停亦笆停亦笆停亦笆停亦笆停亦笆停亦笆停亦[0m[38;2;60;40;30m笆凪俣[0m[48;2;230;230;230m[38;2;230;230;230m笆遺毎笆遺毎笆遺毎笆遺毎笆遺毎笆遺毎笆遺毎笆遺毎笆遺毎笆遺毎笆遺毎笆遺毎笆遺毎笆遺毎笆遺毎笆遺毎笆遺毎笆遺毎笆遺毎笆遺毎[0m
[48;2;230;230;230m[38;2;230;230;230m笆遺毎笆遺毎笆遺毎笆遺毎笆遺毎笆遺毎笆遺毎笆遺毎笆遺毎笆遺毎笆遺毎笆遺毎笆遺毎笆遺毎笆遺毎笆遺毎笆遺毎笆遺毎笆遺毎笆遺毎笆遺毎[0m[38;2;60;40;30m笆甜0m[38;2;210;160;130m笆停亦笆停亦笆停亦笆停亦笆停亦笆停亦笆停亦笆停亦笆停亦笆停亦笆停亦笆停亦笆停亦笆停亦笆停亦笆停亦笆停亦笆停亦[0m[38;2;60;40;30m笆凪俣[0m[48;2;230;230;230m[38;2;230;230;230m笆遺毎笆遺毎笆遺毎笆遺毎笆遺毎笆遺毎笆遺毎笆遺毎笆遺毎笆遺毎笆遺毎笆遺毎笆遺毎笆遺毎笆遺毎笆遺毎笆遺毎笆遺毎笆遺毎[0m
[48;2;230;230;230m[38;2;230;230;230m笆遺毎笆遺毎笆遺毎笆遺毎笆遺毎笆遺毎笆遺毎笆遺毎笆遺毎笆遺毎笆遺毎笆遺毎笆遺毎笆遺毎笆遺毎笆遺毎笆遺毎笆遺毎笆遺毎笆遺毎[0m[38;2;60;40;30m笆甜0m[38;2;210;160;130m笆停亦笆停亦笆停亦笆停亦笆停亦笆停亦笆停亦笆停亦笆停亦笆端0m[38;2;50;30;20m笆凪俣笆甜0m[38;2;210;160;130m笆停亦笆停亦笆停亦笆停亦笆停亦笆停亦笆停亦笆停亦笆停亦[0m[38;2;60;40;30m笆甜0m[48;2;230;230;230m[38;2;230;230;230m笆遺毎笆遺毎笆遺毎笆遺毎笆遺毎笆遺毎笆遺毎笆遺毎笆遺毎笆遺毎笆遺毎笆遺毎笆遺毎笆遺毎笆遺毎笆遺毎笆遺毎笆遺毎笆嚩0m
[48;2;230;230;230m[38;2;230;230;230m笆遺毎笆遺毎笆遺毎笆遺毎笆遺毎笆遺毎笆遺毎笆遺毎笆遺毎笆遺毎笆遺毎笆遺毎笆遺毎笆遺毎笆遺毎笆遺毎笆遺毎笆遺毎笆遺毎笆嚩0m[38;2;60;40;30m笆甜0m[38;2;210;160;130m笆停亦笆停亦笆鯛亦笆停亦笆停亦笆停亦笆停亦笆端0m[38;2;50;30;20m笆凪俣笆凪俣笆凪俣笆凪俣笆凪俣笆凪俣笆甜0m[38;2;210;160;130m笆停亦笆停亦笆停亦笆停亦笆停亦笆停亦[0m[38;2;60;40;30m笆甜0m[48;2;230;230;230m[38;2;230;230;230m笆遺毎笆遺毎笆遺毎笆遺毎笆遺毎笆遺毎笆遺毎笆遺毎笆遺毎笆遺毎笆遺毎笆遺毎笆遺毎笆遺毎笆遺毎笆遺毎笆遺毎笆遺毎[0m
[48;2;230;230;230m[38;2;230;230;230m笆遺毎笆遺毎笆遺毎笆遺毎笆遺毎笆遺毎笆遺毎笆遺毎笆遺毎笆遺毎笆遺毎笆遺毎笆遺毎笆遺毎笆遺毎笆遺毎笆遺毎笆遺毎笆嚩0m[38;2;60;40;30m笆甜0m[38;2;210;160;130m笆停亦笆停亦笆停亦笆停亦笆停亦笆停亦笆端0m[38;2;50;30;20m笆凪俣笆凪俣笆凪俣笆凪毎笆遺毎笆遺毎笆遺毎笆遺毎笆凪俣笆凪俣笆凪俣笆甜0m[38;2;210;160;130m笆停亦笆停亦笆停亦笆停亦笆停亦[0m[38;2;60;40;30m笆甜0m[48;2;230;230;230m[38;2;230;230;230m笆遺毎笆遺毎笆遺毎笆遺毎笆遺毎笆遺毎笆遺毎笆遺毎笆遺毎笆遺毎笆遺毎笆遺毎笆遺毎笆遺毎笆遺毎笆遺毎笆遺毎笆嚩0m
[48;2;230;230;230m[38;2;230;230;230m笆遺毎笆遺毎笆遺毎笆遺毎笆遺毎笆遺毎笆遺毎笆遺毎笆遺毎笆遺毎笆遺毎笆遺毎笆遺毎笆遺毎笆遺毎笆遺毎笆遺毎笆遺毎[0m[38;2;60;40;30m笆甜0m[38;2;210;160;130m笆停亦笆停亦笆停亦笆停亦笆停亦笆停亦[0m[38;2;50;30;20m笆凪俣笆凪俣笆凪俣笆遺毎笆遺毎笆遺毎笆遺毎笆遺毎笆遺毎笆遺毎笆遺毎笆遺毎笆凪俣笆甜0m[38;2;210;160;130m笆停亦笆停亦笆停亦笆停亦笆停亦[0m[38;2;60;40;30m笆甜0m[48;2;230;230;230m[38;2;230;230;230m笆遺毎笆遺毎笆遺毎笆遺毎笆遺毎笆遺毎笆遺毎笆遺毎笆遺毎笆遺毎笆遺毎笆遺毎笆遺毎笆遺毎笆遺毎笆遺毎笆嚩0m
[48;2;230;230;230m[38;2;230;230;230m笆遺毎笆遺毎笆遺毎笆遺毎笆遺毎笆遺毎笆遺毎笆遺毎笆遺毎笆遺毎笆遺毎笆遺毎笆遺毎笆遺毎笆遺毎笆遺毎笆遺毎笆嚩0m[38;2;60;40;30m笆甜0m[38;2;210;160;130m笆停亦笆停亦笆停亦笆停亦笆停亦笆停亦笆端0m[38;2;50;30;20m笆凪俣笆凪俣笆凪毎笆遺毎笆遺毎笆遺毎笆遺毎笆遺毎笆遺毎笆遺毎笆遺毎笆遺毎笆遺毎笆遺俣笆凪俣[0m[38;2;210;160;130m笆停亦笆停亦笆停亦笆停亦笆端0m[38;2;60;40;30m笆甜0m[48;2;230;230;230m[38;2;230;230;230m笆遺毎笆遺毎笆遺毎笆遺毎笆遺毎笆遺毎笆遺毎笆遺毎笆遺毎笆遺毎笆遺毎笆遺毎笆遺毎笆遺毎笆遺毎笆遺毎笆嚩0m
[48;2;230;230;230m[38;2;230;230;230m笆遺毎笆遺毎笆遺毎笆遺毎笆遺毎笆遺毎笆遺毎笆遺毎笆遺毎笆遺毎笆遺毎笆遺毎笆遺毎笆遺毎笆遺毎笆遺毎笆嚩0m[38;2;60;40;30m笆甜0m[38;2;210;160;130m笆停亦笆停亦笆停亦笆停亦笆停亦笆停亦[0m[38;2;50;30;20m笆凪俣笆凪俣笆凪俣笆遺毎笆遺毎笆遺毎笆遺毎笆遺毎笆遺毎笆遺毎笆遺毎笆遺毎笆遺毎笆遺毎笆遺毎笆凪俣笆甜0m[38;2;210;160;130m笆停亦笆停亦笆停亦笆停亦笆端0m[38;2;60;40;30m笆甜0m[48;2;230;230;230m[38;2;230;230;230m笆遺毎笆遺毎笆遺毎笆遺毎笆遺毎笆遺毎笆遺毎笆遺毎笆遺毎笆遺毎笆遺毎笆遺毎笆遺毎笆遺毎笆遺毎笆遺毎[0m
[48;2;230;230;230m[38;2;230;230;230m笆遺毎笆遺毎笆遺毎笆遺毎笆遺毎笆遺毎笆遺毎笆遺毎笆遺毎笆遺毎笆遺毎笆遺毎笆遺毎笆遺毎笆遺毎笆遺毎[0m[38;2;60;40;30m笆甜0m[38;2;210;160;130m笆停亦笆停亦笆停亦笆停亦笆停亦笆停亦[0m[38;2;50;30;20m笆凪俣笆凪俣笆凪俣笆遺毎笆遺毎笆遺毎笆遺毎笆遺毎笆遺毎笆遺毎笆遺毎笆遺毎笆遺毎笆遺毎笆遺毎笆遺毎笆凪俣笆甜0m[38;2;210;160;130m笆停亦笆停亦笆停亦笆停亦笆端0m[38;2;60;40;30m笆甜0m[48;2;230;230;230m[38;2;230;230;230m笆遺毎笆遺毎笆遺毎笆遺毎笆遺毎笆遺毎笆遺毎笆遺毎笆遺毎笆遺毎笆遺毎笆遺毎笆遺毎笆遺毎笆遺毎笆嚩0m
[48;2;230;230;230m[38;2;230;230;230m笆遺毎笆遺毎笆遺毎笆遺毎笆遺毎笆遺毎笆遺毎笆遺毎笆遺毎笆遺毎笆遺毎笆遺毎笆遺毎笆遺毎笆遺毎笆嚩0m[38;2;60;40;30m笆甜0m[38;2;210;160;130m笆停亦笆停亦笆停亦笆停亦笆停亦笆停亦[0m[38;2;50;30;20m笆凪俣笆凪俣笆凪俣笆遺毎笆遺毎笆遺毎笆遺毎笆遺毎笆遺毎笆遺毎笆遺毎笆遺毎笆遺毎笆遺毎笆遺毎笆遺毎笆遺毎笆凪俣笆甜0m[38;2;210;160;130m笆停亦笆停亦笆停亦笆停亦[0m[38;2;60;40;30m笆甜0m[48;2;230;230;230m[38;2;230;230;230m笆遺毎笆遺毎笆遺毎笆遺毎笆遺毎笆遺毎笆遺毎笆遺毎笆遺毎笆遺毎笆遺毎笆遺毎笆遺毎笆遺毎笆遺毎[0m
[48;2;230;230;230m[38;2;230;230;230m笆遺毎笆遺毎笆遺毎笆遺毎笆遺毎笆遺毎笆遺毎笆遺毎笆遺毎笆遺毎笆遺毎笆遺毎笆遺毎笆遺毎笆遺毎[0m[38;2;60;40;30m笆甜0m[38;2;210;160;130m笆停亦笆停亦笆停亦笆停亦笆停亦笆停亦[0m[38;2;50;30;20m笆凪俣笆凪俣笆凪俣笆遺毎笆遺毎笆遺毎笆遺毎笆遺毎笆遺毎笆遺毎笆遺毎笆遺毎笆遺毎笆遺毎笆遺毎笆遺毎笆遺毎笆遺毎笆凪俣笆甜0m[38;2;210;160;130m笆停亦笆停亦笆停亦笆端0m[38;2;60;40;30m笆甜0m[48;2;230;230;230m[38;2;230;230;230m笆遺毎笆遺毎笆遺毎笆遺毎笆遺毎笆遺毎笆遺毎笆遺毎笆遺毎笆遺毎笆遺毎笆遺毎笆遺毎笆遺毎笆遺毎[0m
[48;2;230;230;230m[38;2;230;230;230m笆遺毎笆遺毎笆遺毎笆遺毎笆遺毎笆遺毎笆遺毎笆遺毎笆遺毎笆遺毎笆遺毎笆遺毎笆遺毎笆遺毎笆嚩0m[38;2;60;40;30m笆甜0m[38;2;210;160;130m笆停亦笆停亦笆停亦笆停亦笆停亦笆停亦[0m[38;2;50;30;20m笆凪俣笆凪俣笆凪俣笆遺毎笆遺毎笆遺毎笆遺毎笆遺毎笆遺毎笆遺毎笆遺毎笆遺毎笆遺毎笆遺毎笆遺毎笆遺毎笆遺毎笆遺毎笆遺毎笆凪俣[0m[38;2;210;160;130m笆停亦笆停亦笆停亦笆停亦[0m[38;2;60;40;30m笆甜0m[48;2;230;230;230m[38;2;230;230;230m笆遺毎笆遺毎笆遺毎笆遺毎笆遺毎笆遺毎笆遺毎笆遺毎笆遺毎笆遺毎笆遺毎笆遺毎笆遺毎笆遺毎笆嚩0m
[48;2;230;230;230m[38;2;230;230;230m笆遺毎笆遺毎笆遺毎笆遺毎笆遺毎笆遺毎笆遺毎笆遺毎笆遺毎笆遺毎笆遺毎笆遺毎笆遺毎笆遺毎[0m[38;2;60;40;30m笆甜0m[38;2;210;160;130m笆停亦笆停亦笆停亦笆停亦笆停亦笆停亦笆端0m[38;2;50;30;20m笆凪俣笆凪俣笆凪俣笆凪俣笆凪毎笆遺毎笆遺毎笆遺毎笆遺毎笆遺毎笆遺毎笆遺毎笆遺毎笆遺毎笆遺毎笆遺毎笆遺毎笆遺毎笆遺毎笆凪俣笆甜0m[38;2;210;160;130m笆停亦笆停亦笆停亦笆端0m[38;2;60;40;30m笆甜0m[48;2;230;230;230m[38;2;230;230;230m笆遺毎笆遺毎笆遺毎笆遺毎笆遺毎笆遺毎笆遺毎笆遺毎笆遺毎笆遺毎笆遺毎笆遺毎笆遺毎笆遺毎笆嚩0m
[48;2;230;230;230m[38;2;230;230;230m笆遺毎笆遺毎笆遺毎笆遺毎笆遺毎笆遺毎笆遺毎笆遺毎笆遺毎笆遺毎笆遺毎笆遺毎笆遺毎笆嚩0m[38;2;60;40;30m笆凪俣[0m[38;2;210;160;130m笆停亦笆停亦笆停亦笆停亦笆停亦笆停亦笆停亦笆端0m[38;2;50;30;20m笆凪俣笆停亦笆停亦笆停亦笆凪俣笆遺毎笆遺毎笆遺毎笆遺毎笆遺毎笆遺毎笆遺毎笆遺毎笆遺毎笆遺俣笆凪俣笆凪俣笆凪俣笆甜0m[38;2;210;160;130m笆停亦笆停亦笆停亦笆端0m[38;2;60;40;30m笆甜0m[48;2;230;230;230m[38;2;230;230;230m笆遺毎笆遺毎笆遺毎笆遺毎笆遺毎笆遺毎笆遺毎笆遺毎笆遺毎笆遺毎笆遺毎笆遺毎笆遺毎笆遺毎笆嚩0m
[48;2;230;230;230m[38;2;230;230;230m笆遺毎笆遺毎笆遺毎笆遺毎笆遺毎笆遺毎笆遺毎笆遺毎笆遺毎笆遺毎笆遺毎笆遺毎笆遺毎[0m[38;2;60;40;30m笆甜0m[38;2;210;160;130m笆停亦笆停亦笆停亦笆停亦笆停亦笆停亦笆停亦笆端0m[38;2;50;30;20m笆凪俣笆凪俣笆凪俣笆凪俣笆凪俣笆凪俣笆凪俣笆凪毎笆遺毎笆遺毎笆遺毎笆遺毎笆遺毎笆遺毎笆凪俣笆凪俣笆停亦笆停俣笆凪俣笆凪俣笆甜0m[38;2;210;160;130m笆停亦笆停亦笆停亦笆停亦[0m[38;2;60;40;30m笆甜0m[48;2;230;230;230m[38;2;230;230;230m笆遺毎笆遺毎笆遺毎笆遺毎笆遺毎笆遺毎笆遺毎笆遺毎笆遺毎笆遺毎笆遺毎笆遺毎笆遺毎笆遺毎[0m
[48;2;230;230;230m[38;2;230;230;230m笆遺毎笆遺毎笆遺毎笆遺毎笆遺毎笆遺毎笆遺毎笆遺毎笆遺毎笆遺毎笆遺毎笆遺毎笆遺毎[0m[38;2;60;40;30m笆甜0m[38;2;210;160;130m笆停亦笆停亦笆停亦笆停亦笆停亦笆停亦笆停亦笆端0m[38;2;50;30;20m笆凪俣笆凪俣笆凪俣笆凪俣笆凪俣笆凪俣笆凪俣笆凪俣笆凪毎笆遺毎笆遺毎笆遺毎笆遺毎笆凪俣笆凪俣笆凪俣笆凪毎笆遺毎笆遺毎笆凪俣[0m[38;2;210;160;130m笆停亦笆停亦笆停亦笆停亦笆端0m[38;2;60;40;30m笆甜0m[48;2;230;230;230m[38;2;230;230;230m笆遺毎笆遺毎笆遺毎笆遺毎笆遺毎笆遺毎笆遺毎笆遺毎笆遺毎笆遺毎笆遺毎笆遺毎笆遺毎笆遺毎[0m
[48;2;230;230;230m[38;2;230;230;230m笆遺毎笆遺毎笆遺毎笆遺毎笆遺毎笆遺毎笆遺毎笆遺毎笆遺毎笆遺毎笆遺毎笆遺毎笆嚩0m[38;2;60;40;30m笆甜0m[38;2;210;160;130m笆停亦笆停亦笆停亦笆停亦笆停亦笆停亦笆停亦笆端0m[38;2;50;30;20m笆凪俣笆凪亦笆停亦笆停亦笆停亦笆停俣笆凪俣笆凪俣笆凪毎笆遺毎笆遺毎笆遺毎笆遺毎笆遺毎笆凪俣笆凪俣笆凪俣笆凪俣笆遺毎笆遺毎笆甜0m[38;2;210;160;130m笆停亦笆停亦笆停亦笆停亦笆端0m[38;2;60;40;30m笆甜0m[48;2;230;230;230m[38;2;230;230;230m笆遺毎笆遺毎笆遺毎笆遺毎笆遺毎笆遺毎笆遺毎笆遺毎笆遺毎笆遺毎笆遺毎笆遺毎笆遺毎笆遺毎[0m
[48;2;230;230;230m[38;2;230;230;230m笆遺毎笆遺毎笆遺毎笆遺毎笆遺毎笆遺毎笆遺毎笆遺毎笆遺毎笆遺毎笆遺毎笆遺毎笆嚩0m[38;2;60;40;30m笆甜0m[38;2;210;160;130m笆停亦笆停亦笆停亦笆停亦笆停亦笆停亦笆停亦笆端0m[38;2;80;60;50m笆凪亦笆停亦笆停俣笆凪亦笆停亦笆凪俣笆凪俣笆凪俣笆凪俣笆遺毎笆遺毎笆遺毎笆遺毎笆遺俣笆凪亦笆停亦笆停亦笆停俣笆停俣笆凪俣笆甜0m[38;2;210;160;130m笆停亦笆停亦笆停亦笆停亦笆端0m[38;2;60;40;30m笆甜0m[48;2;230;230;230m[38;2;230;230;230m笆遺毎笆遺毎笆遺毎笆遺毎笆遺毎笆遺毎笆遺毎笆遺毎笆遺毎笆遺毎笆遺毎笆遺毎笆遺毎笆嚩0m
[48;2;230;230;230m[38;2;230;230;230m笆遺毎笆遺毎笆遺毎笆遺毎笆遺毎笆遺毎笆遺毎笆遺毎笆遺毎笆遺毎笆遺毎笆遺毎[0m[38;2;60;40;30m笆甜0m[38;2;210;160;130m笆停亦笆停亦笆停亦笆停亦笆停亦笆停亦笆停亦笆端0m[38;2;80;60;50m笆凪俣笆凪俣笆凪俣笆凪俣笆凪亦笆停俣笆凪俣笆凪俣笆凪俣笆凪毎笆遺毎笆遺毎笆遺毎笆遺俣笆凪俣笆凪亦笆停俣笆凪毎笆凪亦笆停俣笆凪俣[0m[38;2;210;160;130m笆停亦笆停亦笆停亦笆停亦笆停亦[0m[38;2;60;40;30m笆甜0m[48;2;230;230;230m[38;2;230;230;230m笆遺毎笆遺毎笆遺毎笆遺毎笆遺毎笆遺毎笆遺毎笆遺毎笆遺毎笆遺毎笆遺毎笆遺毎笆遺毎[0m
[48;2;230;230;230m[38;2;230;230;230m笆遺毎笆遺毎笆遺毎笆遺毎笆遺毎笆遺毎笆遺毎笆遺毎笆遺毎笆遺毎笆遺毎笆遺毎[0m[38;2;60;40;30m笆甜0m[38;2;210;160;130m笆停亦笆停亦笆停亦笆停亦笆停亦笆停亦笆停亦笆端0m[38;2;80;60;50m笆凪俣笆凪俣笆凪俣笆凪俣笆凪毎笆凪俣笆凪俣笆凪俣笆凪俣笆凪毎笆遺毎笆遺毎笆遺毎笆遺毎笆凪俣笆凪俣笆凪俣笆遺毎笆遺俣笆凪俣笆凪俣[0m[38;2;210;160;130m笆停亦笆停亦笆停亦笆停亦笆停亦[0m[38;2;60;40;30m笆甜0m[48;2;230;230;230m[38;2;230;230;230m笆遺毎笆遺毎笆遺毎笆遺毎笆遺毎笆遺毎笆遺毎笆遺毎笆遺毎笆遺毎笆遺毎笆遺毎笆遺毎[0m
[48;2;230;230;230m[38;2;230;230;230m笆遺毎笆遺毎笆遺毎笆遺毎笆遺毎笆遺毎笆遺毎笆遺毎笆遺毎笆遺毎笆遺毎笆遺毎[0m[38;2;60;40;30m笆甜0m[38;2;210;160;130m笆停亦笆停亦笆停亦笆停亦笆停亦笆停亦笆停亦[0m[38;2;50;30;20m笆凪俣笆凪毎笆遺毎笆遺毎笆遺毎笆遺毎笆遺毎笆遺毎笆遺毎笆凪俣笆凪毎笆遺毎笆遺毎笆遺毎笆遺毎笆遺毎笆遺毎笆遺毎笆遺毎笆遺毎笆遺俣笆凪俣[0m[38;2;210;160;130m笆停亦笆停亦笆停亦笆停亦笆停亦[0m[38;2;60;40;30m笆甜0m[48;2;230;230;230m[38;2;230;230;230m笆遺毎笆遺毎笆遺毎笆遺毎笆遺毎笆遺毎笆遺毎笆遺毎笆遺毎笆遺毎笆遺毎笆遺毎笆嚩0m
[48;2;230;230;230m[38;2;230;230;230m笆遺毎笆遺毎笆遺毎笆遺毎笆遺毎笆遺毎笆遺毎笆遺毎笆遺毎笆遺毎笆遺毎笆嚩0m[38;2;60;40;30m笆甜0m[38;2;210;160;130m笆停亦笆停亦笆停亦笆停亦笆停亦笆停亦笆停亦笆端0m[38;2;50;30;20m笆凪俣笆凪毎笆遺毎笆遺毎笆遺毎笆遺毎笆遺毎笆遺毎笆遺毎笆凪俣笆凪毎笆遺毎笆遺毎笆遺毎笆遺毎笆遺毎笆遺毎笆遺毎笆遺毎笆遺毎笆遺毎笆遺俣[0m[38;2;210;160;130m笆停亦笆停亦笆停亦笆停亦笆停亦笆端0m[38;2;60;40;30m笆甜0m[48;2;230;230;230m[38;2;230;230;230m笆遺毎笆遺毎笆遺毎笆遺毎笆遺毎笆遺毎笆遺毎笆遺毎笆遺毎笆遺毎笆遺毎笆遺毎笆嚩0m
[48;2;230;230;230m[38;2;230;230;230m笆遺毎笆遺毎笆遺毎笆遺毎笆遺毎笆遺毎笆遺毎笆遺毎笆遺毎笆遺毎笆遺毎笆嚩0m[38;2;60;40;30m笆甜0m[38;2;210;160;130m笆停亦笆停亦笆停亦笆停亦笆停亦笆停亦笆停亦笆端0m[38;2;50;30;20m笆凪俣笆凪毎笆遺毎笆遺毎笆遺毎笆遺毎笆遺毎笆遺毎笆凪俣笆凪俣笆凪毎笆遺毎笆遺毎笆遺毎笆遺毎笆遺毎笆遺毎笆遺毎笆遺毎笆遺毎笆遺毎笆遺俣[0m[38;2;210;160;130m笆停亦笆停亦笆停亦笆停亦笆停亦笆端0m[38;2;60;40;30m笆凪俣[0m[48;2;230;230;230m[38;2;230;230;230m笆遺毎笆遺毎笆遺毎笆遺毎笆遺毎笆遺毎笆遺毎笆遺毎笆遺毎笆遺毎笆遺毎笆遺毎[0m
[48;2;230;230;230m[38;2;230;230;230m笆遺毎笆遺毎笆遺毎笆遺毎笆遺毎笆遺毎笆遺毎笆遺毎笆遺毎笆遺毎笆遺毎笆嚩0m[38;2;60;40;30m笆甜0m[38;2;210;160;130m笆停亦笆停亦笆停亦笆停亦笆停亦笆停亦笆停亦笆端0m[38;2;50;30;20m笆凪俣笆凪毎笆遺毎笆遺毎笆遺毎笆遺毎笆遺俣笆凪俣笆遺毎笆遺毎笆遺毎笆遺毎笆遺毎笆遺毎笆遺毎笆遺毎笆遺毎笆遺毎笆遺毎笆遺毎笆遺毎笆遺俣[0m[38;2;210;160;130m笆停亦笆停亦笆停亦笆停亦笆停亦笆停亦[0m[38;2;60;40;30m笆甜0m[48;2;230;230;230m[38;2;230;230;230m笆遺毎笆遺毎笆遺毎笆遺毎笆遺毎笆遺毎笆遺毎笆遺毎笆遺毎笆遺毎笆遺毎笆遺毎[0m
[48;2;230;230;230m[38;2;230;230;230m笆遺毎笆遺毎笆遺毎笆遺毎笆遺毎笆遺毎笆遺毎笆遺毎笆遺毎笆遺毎笆遺毎[0m[38;2;60;40;30m笆甜0m[38;2;210;160;130m笆停亦笆停亦笆停亦笆停亦笆停亦笆停亦笆停亦笆停亦[0m[38;2;50;30;20m笆凪俣笆凪俣笆遺毎笆遺毎笆遺毎笆遺毎笆遺俣笆凪俣笆遺毎笆遺俣笆遺毎笆遺毎笆遺毎笆遺毎笆遺毎笆遺毎笆遺毎笆遺毎笆遺毎笆遺毎笆遺毎笆遺俣[0m[38;2;210;160;130m笆停亦笆停亦笆停亦笆停亦笆停亦笆停亦[0m[38;2;60;40;30m笆甜0m[48;2;230;230;230m[38;2;230;230;230m笆遺毎笆遺毎笆遺毎笆遺毎笆遺毎笆遺毎笆遺毎笆遺毎笆遺毎笆遺毎笆遺毎笆遺毎[0m
[48;2;230;230;230m[38;2;230;230;230m笆遺毎笆遺毎笆遺毎笆遺毎笆遺毎笆遺毎笆遺毎笆遺毎笆遺毎笆遺毎笆遺毎[0m[38;2;60;40;30m笆甜0m[38;2;210;160;130m笆停亦笆停亦笆停亦笆停亦笆停亦笆停亦笆停亦笆停亦笆端0m[38;2;50;30;20m笆凪俣笆凪毎笆遺毎笆遺毎笆遺毎笆遺毎笆遺毎笆凪俣笆凪俣笆凪俣笆遺毎笆遺毎笆遺毎笆遺毎笆遺毎笆遺毎笆遺毎笆遺毎笆遺毎笆遺毎笆遺毎笆甜0m[38;2;210;160;130m笆停亦笆停亦笆停亦笆停亦笆停亦笆停亦笆端0m[38;2;60;40;30m笆甜0m[48;2;230;230;230m[38;2;230;230;230m笆遺毎笆遺毎笆遺毎笆遺毎笆遺毎笆遺毎笆遺毎笆遺毎笆遺毎笆遺毎笆遺毎笆嚩0m
[48;2;230;230;230m[38;2;230;230;230m笆遺毎笆遺毎笆遺毎笆遺毎笆遺毎笆遺毎笆遺毎笆遺毎笆遺毎笆遺毎笆遺毎[0m[38;2;60;40;30m笆甜0m[38;2;210;160;130m笆停亦笆停亦笆停亦笆停亦笆停亦笆停亦笆停亦笆停亦笆端0m[38;2;50;30;20m笆凪俣笆凪俣笆遺毎笆遺毎笆遺俣笆遺毎笆遺毎笆遺毎笆遺毎笆遺毎笆凪毎笆遺毎笆遺毎笆遺毎笆遺毎笆遺毎笆遺毎笆遺毎笆遺毎笆遺毎笆遺俣笆甜0m[38;2;210;160;130m笆停亦笆停亦笆停亦笆停亦笆停亦笆停亦笆端0m[38;2;60;40;30m笆甜0m[48;2;230;230;230m[38;2;230;230;230m笆遺毎笆遺毎笆遺毎笆遺毎笆遺毎笆遺毎笆遺毎笆遺毎笆遺毎笆遺毎笆遺毎笆嚩0m
[48;2;230;230;230m[38;2;230;230;230m笆遺毎笆遺毎笆遺毎笆遺毎笆遺毎笆遺毎笆遺毎笆遺毎笆遺毎笆遺毎笆遺毎[0m[38;2;60;40;30m笆甜0m[38;2;210;160;130m笆停亦笆停亦笆停亦笆停亦笆停亦笆停亦笆停亦笆停亦笆端0m[38;2;50;30;20m笆凪俣笆凪俣笆遺毎笆遺毎笆凪毎笆遺毎笆遺毎笆遺俣笆凪俣笆遺毎笆遺毎笆遺毎笆遺毎笆遺毎笆遺毎笆遺毎笆遺毎笆遺毎笆遺毎笆遺毎笆遺俣笆甜0m[38;2;210;160;130m笆停亦笆停亦笆停亦笆停亦笆停亦笆停亦笆端0m[38;2;60;40;30m笆甜0m[48;2;230;230;230m[38;2;230;230;230m笆遺毎笆遺毎笆遺毎笆遺毎笆遺毎笆遺毎笆遺毎笆遺毎笆遺毎笆遺毎笆遺毎笆嚩0m
[48;2;230;230;230m[38;2;230;230;230m笆遺毎笆遺毎笆遺毎笆遺毎笆遺毎笆遺毎笆遺毎笆遺毎笆遺毎笆遺毎笆遺毎[0m[38;2;60;40;30m笆凪俣[0m[38;2;210;160;130m笆停亦笆停亦笆停亦笆停亦笆停亦笆停亦笆停亦笆停亦[0m[38;2;50;30;20m笆凪俣笆凪俣笆凪毎笆遺毎笆遺俣笆凪俣笆凪俣笆凪俣笆凪俣笆凪俣笆凪俣笆凪毎笆遺毎笆遺毎笆遺毎笆遺毎笆遺毎笆遺毎笆遺毎笆遺毎笆凪俣[0m[38;2;210;160;130m笆停亦笆停亦笆停亦笆停亦笆停亦笆停亦笆端0m[38;2;60;40;30m笆甜0m[48;2;230;230;230m[38;2;230;230;230m笆遺毎笆遺毎笆遺毎笆遺毎笆遺毎笆遺毎笆遺毎笆遺毎笆遺毎笆遺毎笆遺毎笆嚩0m
[48;2;230;230;230m[38;2;230;230;230m笆遺毎笆遺毎笆遺毎笆遺毎笆遺毎笆遺毎笆遺毎笆遺毎笆遺毎笆遺毎笆遺毎[0m[38;2;60;40;30m笆凪俣笆甜0m[38;2;210;160;130m笆停亦笆鯛亦笆停亦笆停亦笆停亦笆停亦笆停亦笆停亦[0m[38;2;50;30;20m笆凪俣笆凪俣笆遺毎笆遺毎笆凪俣笆凪俣笆凪俣笆凪俣笆凪俣笆凪俣笆凪俣笆凪俣笆凪俣笆凪俣笆遺毎笆遺毎笆遺毎笆遺毎笆遺毎笆凪俣[0m[38;2;210;160;130m笆停亦笆停亦笆停亦笆停亦笆停亦笆停亦笆端0m[38;2;60;40;30m笆甜0m[48;2;230;230;230m[38;2;230;230;230m笆遺毎笆遺毎笆遺毎笆遺毎笆遺毎笆遺毎笆遺毎笆遺毎笆遺毎笆遺毎笆遺毎笆嚩0m
[48;2;230;230;230m[38;2;230;230;230m笆遺毎笆遺毎笆遺毎笆遺毎笆遺毎笆遺毎笆遺毎笆遺毎笆遺毎笆遺毎笆遺毎[0m[38;2;60;40;30m笆凪毎笆甜0m[38;2;210;160;130m笆停亦笆停亦笆停亦笆停亦笆停亦笆停亦笆停亦笆停亦[0m[38;2;50;30;20m笆凪俣笆凪俣笆凪毎笆遺毎笆凪俣笆凪俣笆凪俣笆凪俣笆遺毎笆遺毎笆遺毎笆遺毎笆凪俣笆凪俣笆遺毎笆遺毎笆遺毎笆遺毎笆遺毎笆遺俣[0m[38;2;210;160;130m笆停桝笆停亦笆停亦笆停亦笆停亦笆停亦笆端0m[38;2;60;40;30m笆凪俣[0m[48;2;230;230;230m[38;2;230;230;230m笆遺毎笆遺毎笆遺毎笆遺毎笆遺毎笆遺毎笆遺毎笆遺毎笆遺毎笆遺毎笆遺毎笆嚩0m
[48;2;230;230;230m[38;2;230;230;230m笆遺毎笆遺毎笆遺毎笆遺毎笆遺毎笆遺毎笆遺毎笆遺毎笆遺毎笆遺毎笆遺毎笆遺毎[0m[38;2;60;40;30m笆凪俣[0m[38;2;210;160;130m笆停亦笆停亦笆停亦笆停亦笆停亦笆停亦笆停桝笆停亦[0m[38;2;50;30;20m笆凪俣笆凪俣笆凪俣笆遺俣笆凪俣笆凪俣笆凪俣笆凪俣笆凪俣笆凪俣笆凪俣笆遺毎笆遺毎笆遺毎笆遺毎笆遺毎笆遺毎笆遺毎笆甜0m[38;2;210;160;130m笆停桝笆停亦笆停亦笆停亦笆停亦笆停亦笆停亦[0m[38;2;60;40;30m笆甜0m[48;2;230;230;230m[38;2;230;230;230m笆遺毎笆遺毎笆遺毎笆遺毎笆遺毎笆遺毎笆遺毎笆遺毎笆遺毎笆遺毎笆遺毎笆嚩0m
[48;2;230;230;230m[38;2;230;230;230m笆遺毎笆遺毎笆遺毎笆遺毎笆遺毎笆遺毎笆遺毎笆遺毎笆遺毎笆遺毎笆遺毎笆遺毎[0m[38;2;60;40;30m笆甜0m[38;2;210;160;130m笆停亦笆停亦笆停亦笆停亦笆停亦笆停亦笆停亦笆鯛桝笆鯛亦[0m[38;2;50;30;20m笆凪俣笆凪俣笆凪俣笆凪俣笆凪俣笆凪俣笆遺毎笆凪毎笆遺毎笆遺毎笆遺毎笆遺毎笆遺毎笆遺毎笆遺毎笆遺毎笆遺毎笆甜0m[38;2;210;160;130m笆停桝笆鯛亦笆停亦笆停亦笆停亦笆停亦笆停亦[0m[38;2;60;40;30m笆凪俣[0m[48;2;230;230;230m[38;2;230;230;230m笆遺毎笆遺毎笆遺毎笆遺毎笆遺毎笆遺毎笆遺毎笆遺毎笆遺毎笆遺毎笆遺毎笆嚩0m
[48;2;230;230;230m[38;2;230;230;230m笆遺毎笆遺毎笆遺毎笆遺毎笆遺毎笆遺毎笆遺毎笆遺毎笆遺毎笆遺毎笆遺毎笆遺毎[0m[38;2;60;40;30m笆甜0m[38;2;210;160;130m笆停亦笆停亦笆停亦笆停亦笆停亦笆停亦笆停亦笆停桝笆鯛桝笆停亦[0m[38;2;50;30;20m笆凪俣笆凪俣笆凪俣笆凪俣笆凪俣笆遺毎笆遺毎笆遺毎笆遺毎笆遺毎笆遺毎笆遺毎笆遺毎笆遺毎笆遺毎笆遺俣笆甜0m[38;2;210;160;130m笆停桝笆鯛亦笆停亦笆停亦笆停亦笆停亦笆停亦[0m[38;2;60;40;30m笆甜0m[48;2;230;230;230m[38;2;230;230;230m笆遺毎笆遺毎笆遺毎笆遺毎笆遺毎笆遺毎笆遺毎笆遺毎笆遺毎笆遺毎笆遺毎笆遺毎[0m
[48;2;230;230;230m[38;2;230;230;230m笆遺毎笆遺毎笆遺毎笆遺毎笆遺毎笆遺毎笆遺毎笆遺毎笆遺毎笆遺毎笆遺毎[0m[38;2;60;40;30m笆凪俣[0m[38;2;210;160;130m笆停亦笆停亦笆停亦笆停亦笆停亦笆停亦笆停亦笆停亦笆停桝笆鯛桝笆鯛桝笆停亦[0m[38;2;50;30;20m笆凪俣笆凪俣笆凪俣笆凪毎笆遺毎笆遺毎笆遺毎笆遺毎笆遺毎笆遺毎笆遺毎笆遺毎笆遺毎笆遺俣笆甜0m[38;2;210;160;130m笆停桝笆鯛桝笆停亦笆停亦笆停亦笆停亦笆停亦笆停亦笆端0m[38;2;60;40;30m笆甜0m[48;2;230;230;230m[38;2;230;230;230m笆遺毎笆遺毎笆遺毎笆遺毎笆遺毎笆遺毎笆遺毎笆遺毎笆遺毎笆遺毎笆遺毎笆遺毎[0m
[48;2;230;230;230m[38;2;230;230;230m笆遺毎笆遺毎笆遺毎笆遺毎笆遺毎笆遺毎笆遺毎笆遺毎笆遺毎笆遺毎笆遺毎笆嚩0m[38;2;60;40;30m笆甜0m[38;2;210;160;130m笆停亦笆停亦笆停亦笆停亦笆停亦笆停亦笆停亦笆停亦笆停桝笆鯛桝笆鯛桝笆停亦笆端0m[38;2;50;30;20m笆凪俣笆凪俣笆凪俣笆凪毎笆遺毎笆遺毎笆遺毎笆遺毎笆遺毎笆遺毎笆遺毎笆遺毎笆凪俣笆甜0m[38;2;210;160;130m笆停亦笆鯛桝笆停亦笆停亦笆停亦笆停亦笆停亦笆停亦笆端0m[38;2;60;40;30m笆甜0m[48;2;230;230;230m[38;2;230;230;230m笆遺毎笆遺毎笆遺毎笆遺毎笆遺毎笆遺毎笆遺毎笆遺毎笆遺毎笆遺毎笆遺毎笆遺毎[0m
[48;2;230;230;230m[38;2;230;230;230m笆遺毎笆遺毎笆遺毎笆遺毎笆遺毎笆遺毎笆遺毎笆遺毎笆遺毎笆遺毎笆遺毎[0m[38;2;60;40;30m笆凪俣[0m[38;2;210;160;130m笆停亦笆停亦笆停亦笆停亦笆停亦笆停亦笆停亦笆停亦笆停亦笆鯛桝笆鯛桝笆停亦[0m[38;2;50;30;20m笆凪俣笆凪俣笆凪俣笆凪俣笆凪俣笆遺毎笆遺毎笆遺毎笆遺毎笆遺毎笆遺俣笆凪俣笆凪俣笆凪俣笆甜0m[38;2;210;160;130m笆停亦笆鯛桝笆停亦笆停亦笆停亦笆停亦笆停亦笆停亦笆端0m[38;2;60;40;30m笆甜0m[48;2;230;230;230m[38;2;230;230;230m笆遺毎笆遺毎笆遺毎笆遺毎笆遺毎笆遺毎笆遺毎笆遺毎笆遺毎笆遺毎笆遺毎笆遺毎[0m
[48;2;230;230;230m[38;2;230;230;230m笆遺毎笆遺毎笆遺毎笆遺毎笆遺毎笆遺毎笆遺毎笆遺毎笆遺毎笆遺毎笆嚩0m[38;2;60;40;30m笆凪俣[0m[38;2;210;160;130m笆停亦笆凪亦笆停亦笆停亦笆停亦笆停亦笆停亦笆停亦笆停亦笆鯛桝笆鯛桝笆停亦[0m[38;2;50;30;20m笆凪俣笆凪俣笆凪俣笆凪俣笆凪俣笆凪俣笆凪俣笆凪俣笆凪俣笆凪俣笆遺毎笆遺俣笆凪俣笆甜0m[38;2;210;160;130m笆停亦笆鯛亦笆停亦笆鯛桝笆停亦笆停亦笆停亦笆停亦笆停亦[0m[38;2;60;40;30m笆甜0m[48;2;230;230;230m[38;2;230;230;230m笆遺毎笆遺毎笆遺毎笆遺毎笆遺毎笆遺毎笆遺毎笆遺毎笆遺毎笆遺毎笆遺毎笆遺毎[0m
[48;2;230;230;230m[38;2;230;230;230m笆遺毎笆遺毎笆遺毎笆遺毎笆遺毎笆遺毎笆遺毎笆遺毎笆遺毎笆遺毎笆嚩0m[38;2;60;40;30m笆甜0m[38;2;210;160;130m笆停亦笆停亦笆停亦笆停亦笆停亦笆停亦笆停亦笆停亦笆鯛亦笆停亦笆停桝笆鯛桝笆鯛亦笆停亦[0m[38;2;50;30;20m笆凪俣笆凪俣笆凪俣笆凪俣笆凪俣笆凪俣笆凪毎笆遺毎笆遺毎笆遺毎笆遺俣笆凪俣[0m[38;2;210;160;130m笆停亦笆停亦笆停亦笆停桝笆鯛亦笆停亦笆停亦笆停亦笆停亦笆端0m[38;2;60;40;30m笆凪俣[0m[48;2;230;230;230m[38;2;230;230;230m笆遺毎笆遺俣笆凪俣笆凪毎笆遺毎笆遺毎笆遺毎笆遺毎笆遺毎笆遺毎笆遺毎笆嚩0m
[48;2;230;230;230m[38;2;230;230;230m笆遺毎笆遺毎笆遺毎笆遺毎笆遺毎笆遺毎笆遺毎笆遺毎笆遺毎笆遺毎[0m[38;2;60;40;30m笆甜0m[38;2;210;160;130m笆停俣笆停亦笆停俣笆停亦笆停亦笆停亦笆停亦笆停亦笆停桝笆停亦笆停桝笆鯛桝笆鯛亦笆停亦[0m[38;2;50;30;20m笆凪俣笆凪俣笆凪俣笆凪毎笆遺毎笆遺毎笆遺毎笆遺毎笆遺毎笆遺毎笆遺毎笆凪俣笆甜0m[38;2;210;160;130m笆停亦笆停亦笆停亦笆停桝笆鯛桝笆停亦笆停亦笆停亦笆停亦笆停亦笆端0m[38;2;60;40;30m笆甜0m[48;2;230;230;230m[38;2;230;230;230m笆遺毎笆遺毎笆凪俣笆停亦笆遺毎笆遺毎笆遺毎笆遺毎笆遺毎笆遺毎笆遺毎笆嚩0m
[48;2;230;230;230m[38;2;230;230;230m笆遺毎笆遺毎笆遺毎笆遺毎笆遺毎笆遺毎笆遺毎笆遺毎笆遺毎笆嚩0m[38;2;60;40;30m笆甜0m[38;2;210;160;130m笆停俣笆凪亦笆凪俣笆凪亦笆停亦笆停亦笆停桝笆停亦笆停亦笆鯛亦笆停桝笆鯛桝笆鯛亦笆停亦笆端0m[38;2;50;30;20m笆凪俣笆凪俣笆凪俣笆凪毎笆遺毎笆遺毎笆遺毎笆遺毎笆遺毎笆遺毎笆遺毎笆遺俣笆甜0m[38;2;210;160;130m笆停亦笆停亦笆停亦笆停桝笆鯛桝笆鯛亦笆停亦笆停亦笆停亦笆停亦笆停亦[0m[38;2;60;40;30m笆甜0m[48;2;230;230;230m[38;2;230;230;230m笆遺毎笆遺毎笆遺毎笆凪俣笆凪俣笆凪俣笆遺毎笆遺毎笆遺毎笆遺毎笆遺毎笆嚩0m
[48;2;230;230;230m[38;2;230;230;230m笆遺毎笆遺毎笆遺毎笆遺毎笆遺毎笆遺毎笆遺毎笆遺毎笆嚩0m[38;2;60;40;30m笆甜0m[38;2;210;160;130m笆停亦笆停亦笆停亦笆停亦笆停亦笆停亦笆停亦笆鯛亦笆停亦笆鯛桝笆鯛桝笆鯛桝笆鯛亦笆停亦[0m[38;2;50;30;20m笆凪俣笆凪俣笆凪俣笆凪毎笆遺毎笆遺毎笆遺毎笆遺毎笆遺毎笆遺毎笆遺毎笆遺俣笆凪俣[0m[38;2;210;160;130m笆停亦笆停亦笆停亦笆停桝笆鯛桝笆鯛亦笆停亦笆停亦笆停亦笆停亦笆停亦[0m[38;2;60;40;30m笆甜0m[48;2;230;230;230m[38;2;230;230;230m笆遺毎笆遺毎笆遺毎笆凪俣笆停亦笆停亦笆凪俣笆凪毎笆遺毎笆遺毎笆遺毎笆嚩0m
[48;2;230;230;230m[38;2;230;230;230m笆遺毎笆遺毎笆遺毎笆遺毎笆遺毎笆遺毎笆遺毎笆遺毎[0m[38;2;60;40;30m笆甜0m[38;2;210;160;130m笆停亦笆停亦笆停亦笆停亦笆停亦笆停亦笆停亦笆停桝笆停亦笆停亦笆鯛桝笆鯛桝笆鯛桝笆鯛亦笆停亦[0m[38;2;50;30;20m笆凪俣笆凪俣笆凪俣笆遺毎笆遺毎笆遺毎笆遺毎笆遺毎笆遺毎笆遺毎笆遺毎笆遺俣笆甜0m[38;2;210;160;130m笆停亦笆停亦笆停亦笆停桝笆鯛桝笆鯛桝笆停亦笆停亦笆停亦笆停亦笆停亦笆端0m[38;2;60;40;30m笆甜0m[48;2;230;230;230m[38;2;230;230;230m笆遺毎笆遺毎笆遺毎笆凪亦笆停亦笆停亦笆停亦笆凪俣笆凪毎笆遺毎笆遺毎[0m
[48;2;230;230;230m[38;2;230;230;230m笆遺毎笆遺毎笆遺毎笆遺毎笆遺毎笆遺毎笆遺毎[0m[38;2;60;40;30m笆甜0m[38;2;210;160;130m笆停亦笆停亦笆停亦笆停亦笆停亦笆停亦笆停亦笆停亦笆停亦笆停亦笆停桝笆鯛桝笆鯛桝笆鯛桝笆停亦笆端0m[38;2;50;30;20m笆凪俣笆凪俣笆凪俣笆凪毎笆遺毎笆遺毎笆遺毎笆遺毎笆遺毎笆遺毎笆遺毎笆凪俣笆甜0m[38;2;210;160;130m笆停亦笆停亦笆停亦笆停桝笆鯛桝笆鯛桝笆停亦笆停亦笆停亦笆停亦笆停亦笆端0m[38;2;60;40;30m笆凪俣[0m[48;2;230;230;230m[38;2;230;230;230m笆遺毎笆遺毎笆凪亦笆停亦笆停亦笆停亦笆停亦笆停俣笆凪毎笆遺毎笆嚩0m
[48;2;230;230;230m[38;2;230;230;230m笆遺毎笆遺毎笆遺毎笆遺毎笆遺毎笆遺毎笆嚩0m[38;2;60;40;30m笆甜0m[38;2;210;160;130m笆停亦笆停亦笆停亦笆停亦笆停亦笆鯛亦笆停亦笆停亦笆停亦笆停亦笆停亦笆鯛桝笆鯛桝笆鯛桝笆鯛亦笆停亦[0m[38;2;50;30;20m笆凪俣笆凪俣笆凪俣笆遺毎笆遺毎笆遺毎笆遺毎笆遺毎笆遺毎笆遺毎笆遺毎笆凪俣笆甜0m[38;2;210;160;130m笆停亦笆停亦笆停亦笆停桝笆鯛桝笆鯛桝笆停亦笆停亦笆停亦笆停亦笆停亦笆端0m[38;2;60;40;30m笆凪俣[0m[48;2;230;230;230m[38;2;230;230;230m笆遺毎笆凪亦笆停亦笆停亦笆停亦笆停亦笆停亦笆停亦笆凪俣笆遺毎[0m
[48;2;230;230;230m[38;2;230;230;230m笆遺毎笆遺毎笆遺毎笆遺毎笆遺毎笆遺毎[0m[38;2;60;40;30m笆甜0m[38;2;210;160;130m笆停亦笆停亦笆停亦笆停亦笆停亦笆停亦笆停亦笆停亦笆停亦笆停亦笆停亦笆停桝笆鯛桝笆鯛桝笆鯛桝笆停亦[0m[38;2;50;30;20m笆凪俣笆凪俣笆凪俣笆凪毎笆遺毎笆遺毎笆遺毎笆遺毎笆遺毎笆遺毎笆遺毎笆遺俣笆凪俣[0m[38;2;210;160;130m笆停亦笆停亦笆停亦笆鯛桝笆鯛桝笆鯛桝笆鯛亦笆停亦笆停亦笆停亦笆停亦笆端0m[38;2;60;40;30m笆凪俣笆凪俣[0m[38;2;210;160;130m笆停亦笆停亦笆停亦笆停亦笆停亦笆停亦笆停亦笆停俣笆凪俣[0m[48;2;230;230;230m[38;2;230;230;230m笆遺毎笆遺毎[0m
[48;2;230;230;230m[38;2;230;230;230m笆遺毎笆遺毎笆遺毎笆遺毎笆遺毎[0m[38;2;60;40;30m笆甜0m[38;2;210;160;130m笆停亦笆停亦笆停亦笆停亦笆停亦笆停亦笆停亦笆停亦笆停亦笆停亦笆停亦笆停亦笆鯛桝笆鯛桝笆鯛桝笆鯛亦笆端0m[38;2;50;30;20m笆凪俣笆凪俣笆凪俣笆凪毎笆遺毎笆遺毎笆遺毎笆遺毎笆遺毎笆遺毎笆遺毎笆遺俣笆凪俣[0m[38;2;210;160;130m笆停亦笆停亦笆停桝笆鯛桝笆鯛桝笆鯛桝笆鯛亦笆停亦笆停亦笆停亦笆停亦笆停亦笆凪亦笆停亦笆停亦笆停亦笆停亦笆停亦笆停亦笆停亦笆停亦笆停俣笆凪俣[0m[48;2;230;230;230m[38;2;230;230;230m笆遺毎笆嚩0m
[48;2;230;230;230m[38;2;230;230;230m笆遺毎笆遺毎笆遺毎笆遺毎笆嚩0m[38;2;60;40;30m笆甜0m[38;2;210;160;130m笆停亦笆停亦笆停亦笆停亦笆停亦笆停亦笆停亦笆停亦笆停亦笆停亦笆停亦笆停亦笆停桝笆停桝笆鯛桝笆鯛桝笆停亦[0m[38;2;50;30;20m笆凪俣笆凪俣笆凪俣笆凪毎笆遺毎笆遺毎笆遺毎笆遺毎笆遺毎笆遺毎笆遺毎笆遺俣笆凪俣[0m[38;2;210;160;130m笆停亦笆停亦笆鯛桝笆停桝笆鯛桝笆鯛桝笆鯛亦笆停亦笆停亦笆停亦笆停亦笆停亦笆停亦笆停亦笆停亦笆停亦笆停亦笆停亦笆停亦笆停亦笆停亦笆停亦笆停亦笆甜0m[48;2;230;230;230m[38;2;230;230;230m笆遺毎[0m
[48;2;230;230;230m[38;2;230;230;230m笆遺毎笆遺毎笆遺毎笆遺毎[0m[38;2;60;40;30m笆甜0m[38;2;210;160;130m笆停亦笆停亦笆停亦笆停亦笆停亦笆停亦笆停亦笆停亦笆停亦笆停亦笆停亦笆停亦笆停桝笆鯛桝笆鯛桝笆鯛桝笆鯛亦笆端0m[38;2;50;30;20m笆凪俣笆凪俣笆凪俣笆凪毎笆遺毎笆遺毎笆遺毎笆遺毎笆遺毎笆遺毎笆遺毎笆遺俣笆凪俣[0m[38;2;210;160;130m笆停亦笆停桝笆鯛桝笆鯛桝笆鯛桝笆停桝笆鯛亦笆停亦笆停亦笆停亦笆停亦笆停亦笆停亦笆停亦笆停亦笆停亦笆停亦笆停亦笆停亦笆停亦笆停亦笆停亦笆停亦笆凪俣[0m
[48;2;230;230;230m[38;2;230;230;230m笆遺毎笆遺毎笆遺毎笆嚩0m[38;2;60;40;30m笆甜0m[38;2;210;160;130m笆停亦笆停亦笆停亦笆停亦笆停亦笆停亦笆停亦笆停亦笆停亦笆停亦笆停亦笆停亦笆停亦笆鯛桝笆鯛桝笆鯛桝笆鯛桝笆停亦[0m[38;2;50;30;20m笆凪俣笆凪俣笆停俣笆凪俣笆凪毎笆遺毎笆遺毎笆遺毎笆遺毎笆遺毎笆遺毎笆遺俣笆甜0m[38;2;210;160;130m笆停亦笆停亦笆鯛桝笆鯛桝笆鯛桝笆鯛亦笆停桝笆停亦笆停亦笆停亦笆停亦笆停亦笆停亦笆停亦笆停亦笆停亦笆停亦笆停亦笆停亦笆停亦笆停亦笆停亦笆停亦笆停俣笆甜0m
[48;2;230;230;230m[38;2;230;230;230m笆遺毎笆遺毎笆遺毎[0m[38;2;60;40;30m笆甜0m[38;2;210;160;130m笆停亦笆停亦笆停亦笆停亦笆停亦笆停亦笆停亦笆停亦笆停亦笆停亦笆停亦笆停亦笆停亦笆停桝笆鯛桝笆鯛桝笆鯛桝笆鯛亦笆端0m[38;2;50;30;20m笆凪俣笆凪亦笆凪俣笆凪俣笆凪毎笆遺毎笆遺毎笆遺毎笆遺毎笆遺毎笆遺俣笆凪俣[0m[38;2;210;160;130m笆停亦笆停亦笆鯛桝笆鯛桝笆鯛桝笆停亦笆停亦笆停亦笆停亦笆停亦笆停亦笆停亦笆停亦笆停亦笆停亦笆停亦笆停亦笆停亦笆停亦笆停亦笆停亦笆停亦笆停亦笆停亦笆端0m
[48;2;230;230;230m[38;2;230;230;230m笆遺毎笆遺毎笆嚩0m[38;2;60;40;30m笆甜0m[38;2;210;160;130m笆停亦笆停亦笆停亦笆停亦笆停亦笆停亦笆停亦笆停亦笆停亦笆停亦笆停亦笆停亦笆停亦笆停亦笆鯛桝笆鯛桝笆鯛桝笆鯛桝笆停亦笆停亦[0m[38;2;50;30;20m笆凪俣笆凪俣笆凪俣笆遺毎笆遺毎笆遺毎笆遺毎笆遺毎笆遺俣笆遺俣笆甜0m[38;2;210;160;130m笆停亦笆停亦笆鯛桝笆鯛亦笆鯛桝笆停亦笆停亦笆停亦笆停亦笆停亦笆停亦笆停亦笆停亦笆停亦笆停亦笆停亦笆停亦笆停亦笆停亦笆停亦笆停亦笆停亦笆停亦笆停亦笆端0m
[48;2;230;230;230m[38;2;230;230;230m笆遺毎笆遺毎[0m[38;2;60;40;30m笆甜0m[38;2;210;160;130m笆停亦笆停亦笆停亦笆停亦笆停亦笆停亦笆停亦笆停亦笆停亦笆停亦笆停亦笆停亦笆停亦笆停亦笆停桝笆鯛桝笆鯛桝笆鯛桝笆鯛亦笆停亦笆端0m[38;2;50;30;20m笆凪俣笆凪亦笆凪毎笆遺毎笆遺毎笆遺毎笆遺毎笆遺毎笆遺毎笆凪俣[0m[38;2;210;160;130m笆停亦笆停亦笆鯛桝笆鯛亦笆鯛亦笆停桝笆停亦笆停亦笆停亦笆停亦笆停亦笆停亦笆停亦笆停亦笆停亦笆停亦笆停亦笆停亦笆停亦笆停亦笆停亦笆停亦笆停亦笆停亦笆端0m
[48;2;230;230;230m[38;2;230;230;230m笆遺毎笆遺毎[0m[38;2;60;40;30m笆甜0m[38;2;210;160;130m笆停亦笆停亦笆停亦笆停亦笆停亦笆停亦笆停亦笆停亦笆停亦笆停亦笆停亦笆停亦笆停亦笆停亦笆鯛桝笆鯛桝笆鯛桝笆鯛桝笆鯛亦笆停亦笆端0m[38;2;50;30;20m笆凪俣笆停亦笆凪毎笆遺毎笆遺毎笆遺毎笆遺毎笆遺毎笆遺毎笆凪俣[0m[38;2;210;160;130m笆停亦笆停桝笆鯛桝笆鯛桝笆鯛桝笆鯛桝笆停亦笆停亦笆停亦笆停亦笆停亦笆停亦笆停亦笆停亦笆停亦笆停亦笆停亦笆停亦笆停亦笆停亦笆停亦笆停亦笆停亦笆停亦笆端0m
